
[[0 0 0 ... 0 0 0]
 [0 0 0 ... 0 0 0]
 [0 0 0 ... 0 0 0]
 ...
 [0 0 0 ... 0 0 0]
 [0 0 0 ... 0 0 0]
 [0 0 0 ... 0 0 0]]
[[0 0 0 ... 0 0 0]
 [0 0 0 ... 0 0 0]
 [0 0 0 ... 0 0 0]
 ...
 [0 0 0 ... 0 0 0]
 [0 0 0 ... 0 0 0]
 [0 0 0 ... 0 0 0]]
[[0 0 0 ... 0 0 0]
 [0 0 0 ... 0 0 0]
 [0 0 0 ... 0 0 0]
 ...
 [0 0 0 ... 0 0 0]
 [0 0 0 ... 0 0 0]
 [0 0 0 ... 0 0 0]]
[[0 0 0 ... 0 0 0]
 [0 0 0 ... 0 0 0]
 [0 0 0 ... 0 0 0]
 ...
 [0 0 0 ... 0 0 0]
 [0 0 0 ... 0 0 0]
 [0 0 0 ... 0 0 0]]
[[0 0 0 ... 0 0 0]
 [0 0 0 ... 0 0 0]
 [0 0 0 ... 0 0 0]
 ...
 [0 0 0 ... 0 0 0]
 [0 0 0 ... 0 0 0]
 [0 0 0 ... 0 0 0]]
[[0 0 0 ... 1 0 0]
 [0 0 0 ... 0 0 0]
 [0 0 0 ... 1 0 0]
 ...
 [0 0 0 ... 0 0 0]
 [0 0 0 ... 0 0 0]
 [0 0 0 ... 0 0 0]]
[[0 0 0 ... 1 0 0]
 [0 0 0 ... 0 0 0]
 [0 0 0 ... 1 0 0]
 ...
 [0 0 0 ... 0 0 0]
 [0 0 0 ... 0 0 0]
 [0 1 0 ... 0 1 0]]
[[0 0 1 ... 0 0 1]
 [0 0 0 ... 0 0 0]
 [0 0 1 ... 1 0 1]
 ...
 [0 0 0 ... 1 0 0]
 [0 0 0 ... 0 0 0]
 [0 1 0 ... 0 0 1]]
[[0 1 1 ... 0 0 1]
 [0 0 0 ... 0 0 0]
 [0 0 1 ... 1 0 1]
 ...
 [0 0 0 ... 1 0 0]
 [0 0 0 ... 0 0 0]
 [1 0 0 ... 0 0 0]]
[[1 1 1 ... 0 1 0]
 [0 0 0 ... 0 0 0]
 [1 0 1 ... 1 0 0]
 ...
 [0 0 1 ... 0 0 0]
 [0 0 0 ... 0 0 0]
 [1 0 0 ... 0 1 0]]
[[1 1 1 ... 0 1 0]
 [0 0 0 ... 0 0 0]
 [1 0 1 ... 1 0 0]
 ...
 [0 0 1 ... 0 0 0]
 [1 0 0 ... 0 0 0]
 [0 0 0 ... 1 1 0]]
[[1 1 1 0 0 0 0 1 0 0 0 1 0 0 0 1 0 0 1 0 0 0 1 0 0 1 1 0 1 0 1 0 0 1 0 1
  0 1 1 0]
 [1 0 0 0 0 0 0 0 0 0 1 0 0 0 0 1 0 0 0 0 1 0 0 0 0 0 0 0 0 0 1 0 0 1 0 1
  0 0 0 0]
 [1 0 1 0 0 0 0 0 1 0 1 0 0 0 0 0 0 0 1 0 1 0 0 1 0 0 0 0 0 0 1 1 1 0 0 0
  1 1 0 0]
 [0 0 0 0 0 1 1 0 1 0 0 0 1 1 0 0 0 0 0 0 0 1 0 0 0 0 1 0 0 0 1 0 0 0 0 0
  0 0 0 0]
 [1 0 0 0 0 1 0 0 1 0 1 0 0 0 0 1 0 0 1 0 0 0 1 0 0 0 0 0 0 0 0 0 0 1 0 1
  0 0 0 0]
 [0 0 0 0 0 1 0 0 1 0 0 0 1 0 0 0 1 1 0 0 1 0 0 0 0 1 0 1 1 0 1 0 0 0 0 1
  0 1 1 0]
 [0 0 0 0 0 0 0 0 0 0 0 0 0 0 0 0 0 0 0 0 0 0 0 0 0 0 0 0 0 0 0 0 0 0 0 0
  0 0 0 0]
 [1 0 0 0 0 1 0 0 0 0 0 1 1 1 0 0 0 0 0 0 1 0 0 1 0 0 1 0 0 0 0 0 0 1 0 0
  1 1 0 0]
 [0 0 0 0 0 0 0 0 0 0 0 0 0 1 0 0 0 0 1 0 1 0 0 0 0 1 0 0 0 0 1 0 0 0 0 1
  0 0 0 0]
 [1 0 0 0 0 1 1 1 1 0 1 0 0 0 0 1 0 0 1 0 1 0 1 0 0 0 0 0 0 0 0 0 0 1 0 1
  0 0 0 0]
 [1 1 1 0 0 1 0 0 0 0 1 0 0 0 0 1 0 0 0 0 1 0 0 0 0 0 0 1 0 0 0 0 0 1 0 1
  0 0 0 0]
 [0 0 0 0 0 1 0 0 1 0 1 0 0 1 0 0 0 0 1 0 0 0 0 1 0 0 0 0 1 0 0 0 0 0 0 0
  0 0 0 0]
 [0 0 0 1 0 0 1 1 0 0 0 1 1 0 0 1 0 0 1 0 1 1 0 0 0 0 1 1 0 0 0 0 0 0 0 0
  1 1 1 0]]
[[1 1 1 1 0 0 1 1 0 0 0 1 1 0 0 1 0 0 1 0 1 1 1 0 0 1 1 1 1 0 1 0 0 1 0 1
  1 1 1 0]
 [1 0 0 0 0 1 0 0 1 0 1 0 0 1 0 1 0 0 1 0 1 0 0 1 0 0 0 0 1 0 1 0 0 1 0 1
  0 0 0 0]
 [1 1 1 0 0 1 0 0 1 0 1 0 0 0 0 1 0 0 1 0 1 0 0 1 0 0 0 1 0 0 1 1 1 1 0 1
  1 1 0 0]
 [1 0 0 0 0 1 1 1 1 0 1 0 1 1 0 1 0 0 1 0 1 1 1 0 0 0 1 0 0 0 1 0 0 1 0 1
  0 0 0 0]
 [1 0 0 0 0 1 0 0 1 0 1 0 0 1 0 1 0 0 1 0 1 0 1 0 0 1 0 0 0 0 1 0 0 1 0 1
  0 0 0 0]
 [1 0 0 0 0 1 0 0 1 0 0 1 1 1 0 0 1 1 0 0 1 0 0 1 0 1 1 1 1 0 1 0 0 1 0 1
  1 1 1 0]]
    Solved on 2023-11-15 23:09:24.392230
