
190, [10, 19], 
171, [10], )+19
10, [10], )*19
0, [], )+10)*19
1, [], )*10)*19
----------, 190, [10, 19], IS OK with this operation: (10)*19
3267, [81, 40, 27], 
3240, [81, 40], )+27
32, [81], )||40)+27
3200, [81], )+40)+27
81, [81], )*40)+27
0, [], )+81)*40)+27
1, [], )*81)*40)+27
----------, 3267, [81, 40, 27], IS OK with this operation: ((81)*40)+27
83, [17, 5], 
78, [17], )+5
156, [15, 6], 
15, [15], )||6
0, [], )+15)||6
1, [], )*15)||6
----------, 156, [15, 6], IS OK with this operation: (15)||6
7290, [6, 8, 6, 15], 
7275, [6, 8, 6], )+15
7269, [6, 8], )+6)+15
7261, [6], )+8)+6)+15
486, [6, 8, 6], )*15
48, [6, 8], )||6)*15
4, [6], )||8)||6)*15
40, [6], )+8)||6)*15
6, [6], )*8)||6)*15
0, [], )+6)*8)||6)*15
1, [], )*6)*8)||6)*15
----------, 7290, [6, 8, 6, 15], IS OK with this operation: (((6)*8)||6)*15
161011, [16, 10, 13], 
160998, [16, 10], )+13
160988, [16], )+10)+13
192, [17, 8, 14], 
178, [17, 8], )+14
17, [17], )||8)+14
0, [], )+17)||8)+14
1, [], )*17)||8)+14
----------, 192, [17, 8, 14], IS OK with this operation: ((17)||8)+14
21037, [9, 7, 18, 13], 
21024, [9, 7, 18], )+13
21006, [9, 7], )+18)+13
20999, [9], )+7)+18)+13
1168, [9, 7], )*18)+13
1161, [9], )+7)*18)+13
292, [11, 6, 16, 20], 
272, [11, 6, 16], )+20
256, [11, 6], )+16)+20
25, [11], )||6)+16)+20
250, [11], )+6)+16)+20
17, [11, 6], )*16)+20
11, [11], )+6)*16)+20
0, [], )+11)+6)*16)+20
1, [], )*11)+6)*16)+20
----------, 292, [11, 6, 16, 20], IS OK with this operation: (((11)+6)*16)+20
    Solved on 2024-12-07 08:45:26.547004
